0
1
0
4
3
6
4
13
5
18
18
4
21
10
41
45
5
13
6
9
31
48
44
27
61
79
100
62
93
57
98
114
54
101
73
82
56
135
63
15
116
50
28
109
89
49
29
120
12
203
187
155
107
91
11
220
178
136
122
80
52
38
261
177
153
141
117
33
334
284
274
254
224
184
154
124
104
74
34
14
383
343
335
295
287
263
247
223
191
175
167
151
103
71
55
23
7
492
456
450
396
378
348
330
312
306
288
258
240
222
216
198
180
168
162
126
96
90
78
60
42
36
0
665
653
637
617
601
581
565
553
541
533
517
505
497
481
473
445
425
401
397
377
373
365
361
341
313
305
301
293
265
257
253
245
205
197
181
161
145
137
125
113
85
77
65
53
37
25
1
1006
1000
998
988
986
980
970
968
958
956
950
932
928
926
922
916
910
902
896
890
868
866
856
848
838
832
826
818
806
802
796
790
788
782
770
760
742
740
736
730
728
722
718
716
712
700
698
692
658
652
646
638
620
610
596
592
590
586
580
572
568
566
560
548
538
536
532
530
526
520
508
496
488
476
470
466
460
452
448
440
436
422
418
412
410
406
400
398
392
382
362
356
352
350
326
322
320
310
298
296
286
278
272
266
260
242
236
232
230
218
208
196
188
172
158
152
148
146
142
140
130
118
112
106
88
86
70
68
46
40
32
26
22
20
16
8
2